[Sound]
master=0.037333
effect=0.882667
