[Sound]
master=0.026667
effect=0.144000
